Starting...
temp =  62.0 mash time =  15 pump setting =  75 %
61.9 , 0.0 , -0.94
61.9 , 0.82 , -0.68
61.9 , 1.64 , -0.72
61.9 , 2.46 , -0.76
61.9 , 3.28 , -0.8
61.9 , 4.1 , -0.84
61.9 , 4.92 , -0.88
61.9 , 5.74 , -0.92
61.8 , 6.56 , -0.49
61.8 , 7.38 , -0.66
61.8 , 8.2 , -0.68
61.8 , 9.02 , -0.7
61.8 , 9.84 , -0.72
61.8 , 10.66 , -0.74
61.8 , 11.48 , -0.76
61.7 , 12.3 , -0.31
61.7 , 13.12 , -0.46
61.7 , 13.94 , -0.46
61.7 , 14.76 , -0.46
61.7 , 15.58 , -0.46
61.6 , 16.4 , 0.00999999999997
61.6 , 17.22 , -0.12
61.6 , 18.04 , -0.1
61.6 , 18.86 , -0.08
61.5 , 19.68 , 0.41
61.5 , 20.5 , 0.3
61.5 , 21.32 , 0.34
61.5 , 22.14 , 0.38
61.5 , 22.96 , 0.42
61.5 , 23.78 , 0.46
61.5 , 24.6 , 0.5
61.5 , 25.42 , 0.54
61.5 , 26.24 , 0.58
61.5 , 27.06 , 0.62
61.5 , 27.88 , 0.66
61.4 , 28.7 , 1.17
61.4 , 29.52 , 1.08
61.4 , 30.34 , 1.14
61.4 , 31.16 , 1.2
61.4 , 31.98 , 1.26
61.3 , 32.8 , 1.79
61.3 , 33.62 , 1.72
61.3 , 34.44 , 1.8
61.3 , 35.26 , 1.88
61.3 , 36.08 , 1.96
61.3 , 36.9 , 2.04
61.3 , 37.72 , 2.12
61.3 , 38.54 , 2.2
61.3 , 39.36 , 2.28
61.3 , 40.18 , 2.36
61.3 , 41.0 , 2.44
61.3 , 41.82 , 2.52
61.3 , 42.64 , 2.6
61.3 , 43.46 , 2.68
61.3 , 44.28 , 2.76
61.3 , 45.1 , 2.84
61.3 , 45.92 , 2.92
61.3 , 46.74 , 3.0
61.3 , 47.56 , 3.08
61.3 , 48.38 , 3.16
61.3 , 49.2 , 3.24
61.3 , 50.02 , 3.32
61.4 , 50.84 , 2.93
61.4 , 51.66 , 3.14
61.4 , 52.48 , 3.2
61.4 , 53.3 , 3.26
61.4 , 54.12 , 3.32
61.4 , 54.94 , 3.38
61.4 , 55.76 , 3.44
61.4 , 56.58 , 3.5
61.4 , 57.4 , 3.56
61.4 , 58.22 , 3.62
61.4 , 59.04 , 3.68
61.4 , 59.86 , 3.74
61.4 , 60.68 , 3.8
61.4 , 61.5 , 3.86
61.4 , 62.32 , 3.9
61.4 , 63.14 , 3.9
61.4 , 63.96 , 3.9
61.4 , 64.78 , 3.9
61.4 , 65.6 , 3.9
61.4 , 66.42 , 3.9
61.4 , 67.24 , 3.9
61.4 , 68.06 , 3.9
61.4 , 68.88 , 3.9
61.5 , 69.7 , 3.45
61.5 , 70.52 , 3.6
61.5 , 71.34 , 3.6
61.5 , 72.16 , 3.6
61.5 , 73.01 , 3.6
61.5 , 73.83 , 3.6
61.5 , 74.65 , 3.6
61.6 , 75.47 , 3.15
61.5 , 76.29 , 3.75
61.6 , 77.11 , 3.15
61.6 , 77.93 , 3.3
61.6 , 78.75 , 3.3
61.6 , 79.57 , 3.3
61.6 , 80.39 , 3.3
61.6 , 81.21 , 3.3
61.6 , 82.03 , 3.3
61.6 , 82.85 , 3.3
61.6 , 83.67 , 3.3
61.7 , 84.49 , 2.85
61.6 , 85.31 , 3.45
61.6 , 86.13 , 3.3
61.7 , 86.95 , 2.85
61.7 , 87.77 , 3.0
61.7 , 88.59 , 3.0
61.7 , 89.41 , 3.0
61.7 , 90.23 , 3.0
61.7 , 91.05 , 3.0
61.7 , 91.87 , 3.0
61.7 , 92.69 , 3.0
61.8 , 93.51 , 2.53
61.8 , 94.33 , 2.66
61.8 , 95.15 , 2.64
61.8 , 95.97 , 2.62
61.8 , 96.79 , 2.6
61.8 , 97.61 , 2.58
61.8 , 98.43 , 2.56
61.9 , 99.25 , 2.07
62.0 , 100.07 , 1.71
62.0 , 100.89 , 1.8
62.0 , 101.71 , 1.74
62.0 , 102.53 , 1.68
62.1 , 103.35 , 1.15
62.1 , 104.17 , 1.22
62.1 , 104.99 , 1.14
62.2 , 105.81 , 0.59
62.2 , 106.63 , 0.64
62.2 , 107.45 , 0.54
62.2 , 108.27 , 0.44
62.2 , 109.09 , 0.34
62.2 , 109.91 , 0.24
62.1 , 110.73 , 0.61
62.1 , 111.55 , 0.38
62.1 , 112.37 , 0.3
62.1 , 113.19 , 0.22
62.1 , 114.01 , 0.14
62.1 , 114.83 , 0.06
62.1 , 115.65 , -0.02
62.1 , 116.47 , -0.1
62.1 , 117.29 , -0.18
62.2 , 118.11 , -0.73
62.2 , 118.93 , -0.68
62.2 , 119.75 , -0.78
62.2 , 120.57 , -0.88
62.3 , 121.39 , -1.45
62.2 , 122.21 , -0.95
62.3 , 123.03 , -1.67
62.3 , 123.85 , -1.64
62.3 , 124.67 , -1.76
62.3 , 125.49 , -1.88
62.3 , 126.31 , -2.0
62.3 , 127.13 , -2.12
62.3 , 127.95 , -2.24
62.3 , 128.77 , -2.36
62.2 , 129.59 , -2.01
62.2 , 130.41 , -2.26
62.2 , 131.23 , -2.36
62.2 , 132.05 , -2.46
62.2 , 132.87 , -2.56
62.2 , 133.69 , -2.66
62.2 , 134.51 , -2.76
62.3 , 135.33 , -3.33
62.3 , 136.15 , -3.3
62.3 , 136.97 , -3.42
62.2 , 137.79 , -3.07
62.3 , 138.61 , -3.79
62.2 , 139.43 , -3.29
62.2 , 140.25 , -3.54
62.2 , 141.07 , -3.64
62.2 , 141.89 , -3.74
62.2 , 142.71 , -3.84
62.2 , 143.53 , -3.94
62.2 , 144.35 , -4.04
62.1 , 145.17 , -3.67
62.1 , 145.99 , -3.9
62.1 , 146.81 , -3.98
62.0 , 147.63 , -3.59
62.0 , 148.45 , -3.8
62.0 , 149.27 , -3.86
61.9 , 150.09 , -3.45
61.9 , 150.91 , -3.6
61.8 , 151.73 , -3.15
61.8 , 152.55 , -3.3
61.8 , 153.37 , -3.3
61.8 , 154.19 , -3.3
61.8 , 155.01 , -3.3
61.7 , 155.83 , -2.85
61.7 , 156.65 , -3.0
61.7 , 157.47 , -3.0
61.7 , 158.29 , -3.0
61.7 , 159.11 , -3.0
61.7 , 159.93 , -3.0
61.7 , 160.75 , -3.0
61.7 , 161.57 , -3.0
61.7 , 162.39 , -3.0
61.6 , 163.21 , -2.53
61.6 , 164.03 , -2.66
61.6 , 164.85 , -2.64
61.6 , 165.67 , -2.62
61.6 , 166.49 , -2.6
61.6 , 167.31 , -2.58
61.6 , 168.13 , -2.56
61.6 , 168.95 , -2.54
61.6 , 169.77 , -2.52
61.6 , 170.59 , -2.5
61.5 , 171.41 , -2.01
61.5 , 172.23 , -2.12
61.5 , 173.05 , -2.08
61.5 , 173.87 , -2.04
61.4 , 174.69 , -1.53
61.3 , 175.51 , -1.15
61.3 , 176.33 , -1.22
61.3 , 177.15 , -1.14
61.3 , 177.97 , -1.06
61.2 , 178.79 , -0.51
61.2 , 179.61 , -0.56
61.2 , 180.43 , -0.46
61.2 , 181.25 , -0.36
61.2 , 182.07 , -0.26
61.2 , 182.89 , -0.16
61.2 , 183.71 , -0.06
61.2 , 184.53 , 0.04
61.2 , 185.35 , 0.14
61.1 , 186.17 , 0.71
61.1 , 186.99 , 0.68
61.1 , 187.81 , 0.8
61.1 , 188.63 , 0.92
61.1 , 189.45 , 1.04
61.1 , 190.27 , 1.16
61.0 , 191.09 , 1.75
61.0 , 191.91 , 1.74
61.0 , 192.73 , 1.88
61.0 , 193.55 , 2.02
61.0 , 194.37 , 2.16
61.0 , 195.19 , 2.3
61.0 , 196.01 , 2.44
61.0 , 196.83 , 2.58
61.0 , 197.65 , 2.72
61.0 , 198.47 , 2.86
61.0 , 199.29 , 3.0
60.9 , 200.11 , 3.61
60.9 , 200.93 , 3.62
60.9 , 201.75 , 3.78
60.9 , 202.57 , 3.94
60.9 , 203.39 , 4.1
60.9 , 204.24 , 4.26
60.9 , 205.06 , 4.42
60.9 , 205.88 , 4.58
60.9 , 206.7 , 4.74
60.9 , 207.52 , 4.9
60.9 , 208.34 , 5.06
60.9 , 209.16 , 5.22
60.9 , 209.98 , 5.38
60.9 , 210.8 , 5.4
61.0 , 211.62 , 4.95
61.0 , 212.44 , 5.1
61.0 , 213.26 , 5.1
61.1 , 214.08 , 4.65
61.1 , 214.9 , 4.8
61.1 , 215.72 , 4.8
61.2 , 216.54 , 4.35
61.2 , 217.36 , 4.5
61.2 , 218.18 , 4.5
61.2 , 219.0 , 4.5
61.2 , 219.82 , 4.5
61.2 , 220.64 , 4.5
61.3 , 221.46 , 4.05
61.3 , 222.28 , 4.2
61.3 , 223.1 , 4.2
61.3 , 223.92 , 4.2
61.2 , 224.74 , 4.65
61.3 , 225.56 , 4.05
61.3 , 226.38 , 4.2
61.3 , 227.2 , 4.2
61.3 , 228.02 , 4.2
61.3 , 228.84 , 4.2
61.3 , 229.66 , 4.2
61.4 , 230.48 , 3.75
61.5 , 231.3 , 3.45
61.5 , 232.12 , 3.6
61.5 , 232.94 , 3.6
61.5 , 233.76 , 3.6
61.6 , 234.58 , 3.15
61.6 , 235.4 , 3.3
61.6 , 236.22 , 3.3
61.6 , 237.04 , 3.3
61.5 , 237.86 , 3.75
61.5 , 238.68 , 3.6
61.6 , 239.5 , 3.15
61.6 , 240.32 , 3.3
61.7 , 241.14 , 2.85
61.7 , 241.96 , 3.0
61.7 , 242.78 , 3.0
61.7 , 243.6 , 3.0
61.7 , 244.42 , 3.0
61.8 , 245.24 , 2.53
61.8 , 246.06 , 2.66
61.9 , 246.88 , 2.17
62.0 , 247.7 , 1.81
62.0 , 248.52 , 1.9
62.1 , 249.34 , 1.37
62.1 , 250.16 , 1.44
62.1 , 250.98 , 1.36
62.2 , 251.8 , 0.81
62.1 , 252.62 , 1.33
62.1 , 253.44 , 1.1
62.1 , 254.26 , 1.02
62.1 , 255.08 , 0.94
62.1 , 255.9 , 0.86
62.1 , 256.72 , 0.78
62.1 , 257.54 , 0.7
62.2 , 258.36 , 0.15
62.1 , 259.18 , 0.67
62.1 , 260.0 , 0.44
62.2 , 260.82 , -0.11
62.2 , 261.64 , -0.06
62.2 , 262.46 , -0.16
62.2 , 263.28 , -0.26
62.2 , 264.1 , -0.36
62.2 , 264.92 , -0.46
62.2 , 265.74 , -0.56
62.2 , 266.56 , -0.66
62.3 , 267.38 , -1.23
62.3 , 268.2 , -1.2
62.2 , 269.02 , -0.85
62.2 , 269.84 , -1.1
62.2 , 270.66 , -1.2
62.2 , 271.48 , -1.3
62.2 , 272.3 , -1.4
62.2 , 273.12 , -1.5
62.3 , 273.94 , -2.07
62.3 , 274.76 , -2.04
62.3 , 275.58 , -2.16
62.3 , 276.4 , -2.28
62.3 , 277.22 , -2.4
62.3 , 278.04 , -2.52
62.3 , 278.86 , -2.64
62.3 , 279.68 , -2.76
62.3 , 280.5 , -2.88
62.3 , 281.32 , -3.0
62.3 , 282.14 , -3.12
62.3 , 282.96 , -3.24
62.3 , 283.78 , -3.36
62.3 , 284.6 , -3.48
62.3 , 285.42 , -3.6
62.3 , 286.24 , -3.72
62.3 , 287.06 , -3.84
62.3 , 287.88 , -3.96
62.3 , 288.7 , -4.08
62.3 , 289.52 , -4.2
62.3 , 290.34 , -4.32
62.3 , 291.16 , -4.44
62.3 , 291.98 , -4.56
62.3 , 292.8 , -4.68
62.3 , 293.62 , -4.8
62.3 , 294.44 , -4.8
62.3 , 295.26 , -4.8
62.3 , 296.08 , -4.8
62.3 , 296.9 , -4.8
62.3 , 297.72 , -4.8
62.2 , 298.54 , -4.35
62.2 , 299.36 , -4.5
62.2 , 300.18 , -4.5
62.2 , 301.0 , -4.5
62.2 , 301.82 , -4.5
62.2 , 302.64 , -4.5
62.2 , 303.46 , -4.5
62.2 , 304.28 , -4.5
62.2 , 305.1 , -4.5
62.2 , 305.92 , -4.5
62.2 , 306.74 , -4.5
62.2 , 307.56 , -4.5
62.1 , 308.38 , -4.05
62.1 , 309.2 , -4.2
62.1 , 310.02 , -4.2
62.1 , 310.84 , -4.2
62.1 , 311.66 , -4.2
62.0 , 312.48 , -3.75
62.0 , 313.3 , -3.9
62.0 , 314.12 , -3.9
62.0 , 314.94 , -3.9
62.0 , 315.76 , -3.9
62.0 , 316.58 , -3.9
62.0 , 317.4 , -3.9
62.0 , 318.22 , -3.9
62.0 , 319.04 , -3.9
62.0 , 319.86 , -3.9
62.0 , 320.68 , -3.9
61.9 , 321.5 , -3.45
61.9 , 322.32 , -3.6
61.9 , 323.14 , -3.6
61.9 , 323.96 , -3.6
61.9 , 324.78 , -3.6
61.8 , 325.6 , -3.15
61.8 , 326.42 , -3.3
61.8 , 327.24 , -3.3
61.8 , 328.06 , -3.3
61.8 , 328.88 , -3.3
61.8 , 329.7 , -3.3
61.8 , 330.52 , -3.3
61.7 , 331.34 , -2.85
61.7 , 332.16 , -3.0
61.7 , 332.98 , -3.0
61.7 , 333.83 , -3.0
61.7 , 334.65 , -3.0
61.7 , 335.47 , -3.0
61.7 , 336.29 , -3.0
61.7 , 337.11 , -3.0
61.7 , 337.93 , -3.0
61.6 , 338.75 , -2.53
61.6 , 339.57 , -2.66
61.6 , 340.39 , -2.64
61.6 , 341.21 , -2.62
61.6 , 342.03 , -2.6
61.5 , 342.85 , -2.11
61.5 , 343.67 , -2.22
61.5 , 344.49 , -2.18
61.5 , 345.31 , -2.14
61.5 , 346.13 , -2.1
61.5 , 346.95 , -2.06
61.5 , 347.77 , -2.02
61.5 , 348.59 , -1.98
61.4 , 349.41 , -1.47
61.4 , 350.23 , -1.56
61.4 , 351.05 , -1.5
61.4 , 351.87 , -1.44
61.4 , 352.69 , -1.38
61.3 , 353.51 , -0.85
61.3 , 354.33 , -0.92
61.3 , 355.15 , -0.84
61.3 , 355.97 , -0.76
61.3 , 356.79 , -0.68
61.3 , 357.61 , -0.6
61.3 , 358.43 , -0.52
61.3 , 359.25 , -0.44
61.2 , 360.07 , 0.11
61.2 , 360.89 , 0.06
61.2 , 361.71 , 0.16
61.2 , 362.53 , 0.26
61.2 , 364.17 , 0.36
61.2 , 364.99 , 0.46
61.2 , 365.81 , 0.56
61.2 , 366.63 , 0.66
61.2 , 367.45 , 0.76
61.1 , 368.27 , 1.33
61.1 , 369.09 , 1.3
61.1 , 369.91 , 1.42
61.0 , 370.73 , 2.01
61.0 , 371.55 , 2.0
61.0 , 372.37 , 2.14
61.0 , 373.19 , 2.28
61.0 , 374.01 , 2.42
61.0 , 374.83 , 2.56
61.0 , 375.65 , 2.7
61.0 , 376.47 , 2.84
61.0 , 377.29 , 2.98
60.9 , 378.11 , 3.59
60.9 , 378.93 , 3.6
60.9 , 379.75 , 3.76
60.9 , 380.57 , 3.92
60.9 , 381.39 , 4.08
60.9 , 382.21 , 4.24
60.9 , 383.03 , 4.4
60.8 , 383.85 , 5.03
60.8 , 384.67 , 5.06
60.8 , 385.49 , 5.24
60.8 , 386.31 , 5.42
60.8 , 387.13 , 5.6
60.8 , 387.95 , 5.7
60.8 , 388.77 , 5.7
60.8 , 389.59 , 5.7
60.8 , 390.41 , 5.7
60.8 , 391.23 , 5.7
60.8 , 392.05 , 5.7
60.8 , 392.87 , 5.7
60.8 , 393.69 , 5.7
60.8 , 394.51 , 5.7
60.8 , 395.33 , 5.7
60.8 , 396.15 , 5.7
60.8 , 396.97 , 5.7
60.8 , 397.79 , 5.7
60.8 , 398.61 , 5.7
60.8 , 399.43 , 5.7
60.8 , 400.25 , 5.7
60.9 , 401.07 , 5.25
60.9 , 401.89 , 5.4
60.9 , 402.71 , 5.4
61.0 , 403.53 , 4.95
61.0 , 404.35 , 5.1
61.0 , 405.17 , 5.1
61.0 , 405.99 , 5.1
61.0 , 406.81 , 5.1
61.0 , 407.63 , 5.1
61.0 , 408.45 , 5.1
61.0 , 409.27 , 5.1
61.0 , 410.09 , 5.1
61.1 , 410.91 , 4.65
61.2 , 411.73 , 4.35
61.2 , 412.55 , 4.5
61.2 , 413.37 , 4.5
61.3 , 414.19 , 4.05
61.3 , 415.01 , 4.2
61.4 , 415.83 , 3.75
61.4 , 416.65 , 3.9
61.4 , 417.47 , 3.9
61.4 , 418.29 , 3.9
61.4 , 419.11 , 3.9
61.4 , 419.93 , 3.9
61.5 , 420.75 , 3.45
61.5 , 421.57 , 3.6
61.5 , 422.39 , 3.6
61.5 , 423.21 , 3.6
61.5 , 424.03 , 3.6
61.6 , 424.85 , 3.15
61.6 , 425.67 , 3.3
61.7 , 426.49 , 2.85
61.7 , 427.31 , 3.0
61.7 , 428.13 , 3.0
61.7 , 428.95 , 3.0
61.8 , 429.77 , 2.53
61.8 , 430.59 , 2.66
61.8 , 431.41 , 2.64
61.8 , 432.23 , 2.62
61.8 , 433.05 , 2.6
61.8 , 433.87 , 2.58
61.8 , 434.69 , 2.56
61.9 , 435.51 , 2.07
61.9 , 436.33 , 2.18
61.9 , 437.15 , 2.14
62.0 , 437.97 , 1.63
62.0 , 438.79 , 1.72
62.0 , 439.61 , 1.66
62.0 , 440.43 , 1.6
62.0 , 441.25 , 1.54
62.0 , 442.07 , 1.48
62.0 , 442.89 , 1.42
62.0 , 443.71 , 1.36
62.1 , 444.53 , 0.83
62.2 , 445.35 , 0.43
62.2 , 446.17 , 0.48
62.2 , 446.99 , 0.38
62.2 , 447.81 , 0.28
62.2 , 448.63 , 0.18
62.2 , 449.45 , 0.08
62.2 , 450.27 , -0.02
62.2 , 451.09 , -0.12
62.2 , 451.91 , -0.22
62.2 , 452.73 , -0.32
62.2 , 453.55 , -0.42
62.2 , 454.37 , -0.52
62.2 , 455.19 , -0.62
62.2 , 456.01 , -0.72
62.2 , 456.83 , -0.82
62.2 , 457.65 , -0.92
62.2 , 458.47 , -1.02
62.2 , 459.29 , -1.12
62.2 , 460.11 , -1.22
62.2 , 460.93 , -1.32
62.2 , 461.75 , -1.42
62.2 , 462.57 , -1.52
62.2 , 463.39 , -1.62
62.2 , 464.24 , -1.72
62.2 , 465.06 , -1.82
62.2 , 465.88 , -1.92
62.2 , 466.7 , -2.02
62.2 , 467.52 , -2.12
62.2 , 468.34 , -2.22
62.2 , 469.16 , -2.32
62.2 , 469.98 , -2.42
62.2 , 470.8 , -2.52
62.3 , 471.62 , -3.09
62.3 , 472.44 , -3.06
62.3 , 473.26 , -3.18
62.3 , 474.08 , -3.3
62.3 , 474.9 , -3.42
62.3 , 475.72 , -3.54
62.3 , 476.54 , -3.66
62.3 , 477.36 , -3.78
62.3 , 478.18 , -3.9
62.3 , 479.0 , -4.02
62.3 , 479.82 , -4.14
62.3 , 480.64 , -4.26
62.3 , 481.46 , -4.38
62.3 , 482.28 , -4.5
62.3 , 483.1 , -4.62
62.3 , 483.92 , -4.74
62.3 , 484.74 , -4.8
62.3 , 485.56 , -4.8
62.3 , 486.38 , -4.8
62.3 , 487.2 , -4.8
62.3 , 488.02 , -4.8
62.3 , 488.84 , -4.8
62.3 , 489.66 , -4.8
62.3 , 490.48 , -4.8
62.3 , 491.3 , -4.8
62.3 , 492.12 , -4.8
62.2 , 492.94 , -4.35
62.2 , 493.76 , -4.5
62.2 , 494.58 , -4.5
62.2 , 495.4 , -4.5
62.2 , 496.22 , -4.5
62.2 , 497.04 , -4.5
62.2 , 497.86 , -4.5
62.2 , 498.68 , -4.5
62.2 , 499.5 , -4.5
62.1 , 500.32 , -4.05
62.1 , 501.14 , -4.2
62.1 , 501.96 , -4.2
62.1 , 502.78 , -4.2
62.1 , 503.6 , -4.2
62.1 , 504.42 , -4.2
62.1 , 505.24 , -4.2
62.1 , 506.06 , -4.2
62.1 , 506.88 , -4.2
62.1 , 507.7 , -4.2
62.1 , 508.52 , -4.2
62.1 , 509.34 , -4.2
62.0 , 510.16 , -3.75
62.0 , 510.98 , -3.9
62.0 , 511.8 , -3.9
62.0 , 512.62 , -3.9
62.0 , 513.44 , -3.9
61.9 , 514.26 , -3.45
61.9 , 515.08 , -3.6
61.9 , 515.9 , -3.6
61.9 , 516.72 , -3.6
61.8 , 517.54 , -3.15
61.8 , 518.36 , -3.3
61.8 , 519.18 , -3.3
61.8 , 520.0 , -3.3
61.8 , 520.82 , -3.3
61.8 , 521.64 , -3.3
61.8 , 522.46 , -3.3
61.8 , 523.28 , -3.3
61.8 , 524.1 , -3.3
61.8 , 524.92 , -3.3
61.8 , 525.74 , -3.3
61.8 , 526.56 , -3.3
61.7 , 527.38 , -2.85
61.7 , 528.2 , -3.0
61.7 , 529.02 , -3.0
61.7 , 529.84 , -3.0
61.7 , 530.66 , -3.0
61.6 , 531.48 , -2.53
61.6 , 532.3 , -2.66
61.6 , 533.12 , -2.64
61.6 , 533.94 , -2.62
61.6 , 534.76 , -2.6
61.5 , 535.58 , -2.11
61.5 , 536.4 , -2.22
61.5 , 537.22 , -2.18
61.5 , 538.04 , -2.14
61.5 , 538.86 , -2.1
61.5 , 539.68 , -2.06
61.5 , 540.5 , -2.02
61.4 , 541.32 , -1.51
61.4 , 542.14 , -1.6
61.4 , 542.96 , -1.54
61.3 , 543.78 , -1.01
61.3 , 544.6 , -1.08
61.3 , 545.42 , -1.0
61.3 , 546.24 , -0.92
61.3 , 547.06 , -0.84
61.3 , 547.88 , -0.76
61.3 , 548.7 , -0.68
61.2 , 549.52 , -0.13
61.2 , 550.34 , -0.18
61.2 , 551.16 , -0.08
61.2 , 551.98 , 0.02
61.2 , 552.8 , 0.12
61.2 , 553.62 , 0.22
61.2 , 554.44 , 0.32
61.2 , 555.26 , 0.42
61.2 , 556.08 , 0.52
61.2 , 556.9 , 0.62
61.2 , 557.72 , 0.72
61.1 , 558.54 , 1.29
61.1 , 559.36 , 1.26
61.1 , 560.18 , 1.38
61.1 , 561.0 , 1.5
61.1 , 561.82 , 1.62
61.0 , 562.64 , 2.21
61.0 , 563.46 , 2.2
61.0 , 564.28 , 2.34
61.0 , 565.1 , 2.48
61.0 , 565.92 , 2.62
61.0 , 566.74 , 2.76
61.0 , 567.56 , 2.9
61.0 , 568.38 , 3.04
61.0 , 569.2 , 3.18
61.0 , 570.02 , 3.32
61.0 , 570.84 , 3.46
60.9 , 571.66 , 4.07
60.9 , 572.48 , 4.08
60.9 , 573.3 , 4.24
60.9 , 574.12 , 4.4
60.9 , 574.94 , 4.56
60.8 , 575.76 , 5.19
60.8 , 576.58 , 5.22
60.8 , 577.4 , 5.4
60.8 , 578.22 , 5.58
60.8 , 579.04 , 5.7
60.8 , 579.86 , 5.7
60.8 , 580.68 , 5.7
60.8 , 581.5 , 5.7
60.8 , 582.32 , 5.7
60.8 , 583.14 , 5.7
60.8 , 583.96 , 5.7
60.8 , 584.78 , 5.7
60.8 , 585.6 , 5.7
60.8 , 586.42 , 5.7
60.8 , 587.24 , 5.7
60.8 , 588.06 , 5.7
60.8 , 588.88 , 5.7
60.8 , 589.7 , 5.7
60.8 , 590.52 , 5.7
60.8 , 591.34 , 5.7
60.8 , 592.16 , 5.7
60.8 , 592.98 , 5.7
60.8 , 593.8 , 5.7
60.9 , 594.65 , 5.25
60.9 , 595.47 , 5.4
61.0 , 596.29 , 4.95
61.0 , 597.11 , 5.1
61.0 , 597.93 , 5.1
61.0 , 598.75 , 5.1
61.1 , 599.57 , 4.65
61.2 , 600.39 , 4.35
61.2 , 601.21 , 4.5
61.2 , 602.03 , 4.5
61.2 , 602.85 , 4.5
61.2 , 603.67 , 4.5
61.3 , 604.49 , 4.05
61.3 , 605.31 , 4.2
61.3 , 606.13 , 4.2
61.3 , 606.95 , 4.2
61.3 , 607.77 , 4.2
61.3 , 608.59 , 4.2
61.3 , 609.41 , 4.2
61.3 , 610.23 , 4.2
61.3 , 611.05 , 4.2
61.3 , 611.87 , 4.2
61.4 , 612.69 , 3.75
61.4 , 613.51 , 3.9
61.5 , 614.33 , 3.45
61.5 , 615.15 , 3.6
61.5 , 615.97 , 3.6
61.5 , 616.79 , 3.6
61.5 , 617.61 , 3.6
61.5 , 618.43 , 3.6
61.5 , 619.25 , 3.6
61.6 , 620.07 , 3.15
61.6 , 620.89 , 3.3
61.7 , 621.71 , 2.85
61.7 , 622.53 , 3.0
61.7 , 623.35 , 3.0
61.7 , 624.17 , 3.0
61.7 , 624.99 , 3.0
61.7 , 625.81 , 3.0
61.8 , 626.63 , 2.53
61.8 , 627.45 , 2.66
61.9 , 628.27 , 2.17
62.0 , 629.09 , 1.81
62.0 , 629.91 , 1.9
62.0 , 630.73 , 1.84
62.0 , 631.55 , 1.78
62.0 , 632.37 , 1.72
62.1 , 633.19 , 1.19
62.1 , 634.01 , 1.26
62.1 , 634.83 , 1.18
62.1 , 635.65 , 1.1
62.1 , 636.47 , 1.02
62.2 , 637.29 , 0.47
62.1 , 638.11 , 0.99
62.2 , 638.93 , 0.29
62.2 , 639.75 , 0.34
62.2 , 640.57 , 0.24
62.2 , 641.39 , 0.14
62.3 , 642.21 , -0.43
62.3 , 643.03 , -0.4
62.3 , 643.85 , -0.52
62.3 , 644.67 , -0.64
62.3 , 645.49 , -0.76
62.3 , 646.31 , -0.88
62.3 , 647.13 , -1.0
62.3 , 647.95 , -1.12
62.3 , 648.77 , -1.24
62.3 , 649.59 , -1.36
62.3 , 650.41 , -1.48
62.3 , 651.23 , -1.6
62.3 , 652.05 , -1.72
62.3 , 652.87 , -1.84
62.3 , 653.69 , -1.96
62.4 , 654.51 , -2.55
62.4 , 655.33 , -2.54
62.4 , 656.15 , -2.68
62.4 , 656.97 , -2.82
62.4 , 657.79 , -2.96
62.4 , 658.61 , -3.1
62.4 , 659.43 , -3.24
62.4 , 660.25 , -3.38
62.4 , 661.07 , -3.52
62.4 , 661.89 , -3.66
62.4 , 662.71 , -3.8
62.4 , 663.53 , -3.94
62.4 , 664.35 , -4.08
62.4 , 665.17 , -4.22
62.4 , 665.99 , -4.36
62.4 , 666.81 , -4.5
62.4 , 667.63 , -4.64
62.4 , 668.45 , -4.78
62.4 , 669.27 , -4.92
62.4 , 670.09 , -5.06
62.4 , 670.91 , -5.1
62.4 , 671.73 , -5.1
62.5 , 672.55 , -5.55
62.5 , 673.37 , -5.4
62.5 , 674.19 , -5.4
62.4 , 675.01 , -4.95
62.4 , 675.83 , -5.1
62.4 , 676.65 , -5.1
62.4 , 677.47 , -5.1
62.4 , 678.29 , -5.1
62.4 , 679.11 , -5.1
62.4 , 679.93 , -5.1
62.4 , 680.75 , -5.1
62.4 , 681.57 , -5.1
62.4 , 682.39 , -5.1
62.3 , 683.21 , -4.65
62.3 , 684.03 , -4.8
62.3 , 684.85 , -4.8
62.3 , 685.67 , -4.8
62.3 , 686.49 , -4.8
62.3 , 687.31 , -4.8
62.3 , 688.13 , -4.8
62.3 , 688.95 , -4.8
62.3 , 689.77 , -4.8
62.3 , 690.59 , -4.8
62.3 , 691.41 , -4.8
62.3 , 692.23 , -4.8
62.3 , 693.05 , -4.8
62.3 , 693.87 , -4.8
62.3 , 694.69 , -4.8
62.3 , 695.51 , -4.8
62.2 , 696.33 , -4.35
62.2 , 697.15 , -4.5
62.2 , 697.97 , -4.5
62.2 , 698.79 , -4.5
62.2 , 699.61 , -4.5
62.2 , 700.43 , -4.5
62.2 , 701.25 , -4.5
62.1 , 702.07 , -4.05
62.1 , 702.89 , -4.2
62.1 , 703.71 , -4.2
62.0 , 704.53 , -3.75
62.0 , 705.35 , -3.9
62.0 , 706.17 , -3.9
62.0 , 706.99 , -3.9
62.0 , 707.81 , -3.9
62.0 , 708.63 , -3.9
62.0 , 709.45 , -3.9
62.0 , 710.27 , -3.9
62.0 , 711.09 , -3.9
62.0 , 711.91 , -3.9
62.0 , 712.73 , -3.9
62.0 , 713.55 , -3.9
62.0 , 714.37 , -3.9
62.0 , 715.19 , -3.9
61.9 , 716.01 , -3.45
61.9 , 716.83 , -3.6
61.9 , 717.65 , -3.6
61.9 , 718.47 , -3.6
61.8 , 719.29 , -3.15
61.8 , 720.11 , -3.3
61.8 , 720.93 , -3.3
61.8 , 721.75 , -3.3
61.8 , 722.57 , -3.3
61.8 , 723.39 , -3.3
61.7 , 724.21 , -2.85
61.7 , 725.06 , -3.0
61.7 , 725.88 , -3.0
61.7 , 726.7 , -3.0
61.6 , 727.52 , -2.53
61.6 , 728.34 , -2.66
61.6 , 729.16 , -2.64
61.5 , 729.98 , -2.15
61.5 , 730.8 , -2.26
61.5 , 731.62 , -2.22
61.5 , 732.44 , -2.18
61.5 , 733.26 , -2.14
61.5 , 734.08 , -2.1
61.5 , 734.9 , -2.06
61.5 , 735.72 , -2.02
61.4 , 736.54 , -1.51
61.4 , 737.36 , -1.6
61.4 , 738.18 , -1.54
61.4 , 739.0 , -1.48
61.4 , 739.82 , -1.42
61.3 , 740.64 , -0.89
61.3 , 741.46 , -0.96
61.3 , 742.28 , -0.88
61.3 , 743.1 , -0.8
61.3 , 743.92 , -0.72
61.3 , 744.74 , -0.64
61.3 , 745.56 , -0.56
61.3 , 746.38 , -0.48
61.3 , 747.2 , -0.4
61.3 , 748.02 , -0.32
61.3 , 748.84 , -0.24
61.3 , 749.66 , -0.16
61.2 , 750.48 , 0.39
61.2 , 751.3 , 0.34
61.2 , 752.12 , 0.44
61.2 , 752.94 , 0.54
61.2 , 753.76 , 0.64
61.2 , 754.58 , 0.74
61.1 , 755.4 , 1.31
61.1 , 756.22 , 1.28
61.1 , 757.04 , 1.4
61.1 , 757.86 , 1.52
61.1 , 758.68 , 1.64
61.1 , 759.5 , 1.76
61.0 , 760.32 , 2.35
61.0 , 761.14 , 2.34
61.0 , 761.96 , 2.48
61.0 , 762.78 , 2.62
61.0 , 763.6 , 2.76
61.0 , 764.42 , 2.9
61.0 , 765.24 , 3.04
61.0 , 766.06 , 3.18
61.0 , 766.88 , 3.32
60.9 , 767.7 , 3.93
60.9 , 768.52 , 3.94
60.9 , 769.34 , 4.1
60.9 , 770.16 , 4.26
60.9 , 770.98 , 4.42
60.9 , 771.8 , 4.58
60.9 , 772.62 , 4.74
60.9 , 773.44 , 4.9
60.9 , 774.26 , 5.06
60.9 , 775.08 , 5.22
60.8 , 775.9 , 5.85
60.8 , 776.72 , 5.7
60.8 , 777.54 , 5.7
60.8 , 778.36 , 5.7
60.8 , 779.18 , 5.7
60.8 , 780.0 , 5.7
60.8 , 780.82 , 5.7
60.8 , 781.64 , 5.7
60.8 , 782.46 , 5.7
60.8 , 783.28 , 5.7
60.8 , 784.1 , 5.7
60.8 , 784.92 , 5.7
60.8 , 785.74 , 5.7
60.8 , 786.56 , 5.7
60.8 , 787.38 , 5.7
60.8 , 788.2 , 5.7
60.8 , 789.02 , 5.7
60.8 , 789.84 , 5.7
60.8 , 790.66 , 5.7
60.8 , 791.48 , 5.7
60.9 , 792.3 , 5.25
60.9 , 793.12 , 5.4
60.9 , 793.94 , 5.4
61.0 , 794.76 , 4.95
61.0 , 795.58 , 5.1
61.1 , 796.4 , 4.65
61.1 , 797.22 , 4.8
61.1 , 798.04 , 4.8
61.2 , 798.86 , 4.35
61.2 , 799.68 , 4.5
61.3 , 800.5 , 4.05
61.3 , 801.32 , 4.2
61.3 , 802.14 , 4.2
61.3 , 802.96 , 4.2
61.3 , 803.78 , 4.2
61.4 , 804.6 , 3.75
61.4 , 805.42 , 3.9
61.3 , 806.24 , 4.35
61.3 , 807.06 , 4.2
61.3 , 807.88 , 4.2
61.3 , 808.7 , 4.2
61.3 , 809.52 , 4.2
61.4 , 810.34 , 3.75
61.4 , 811.16 , 3.9
61.4 , 811.98 , 3.9
61.5 , 812.8 , 3.45
61.5 , 813.62 , 3.6
61.5 , 814.44 , 3.6
61.5 , 815.26 , 3.6
61.5 , 816.08 , 3.6
61.6 , 816.9 , 3.15
61.7 , 817.72 , 2.85
61.7 , 818.54 , 3.0
61.8 , 819.36 , 2.53
61.8 , 820.18 , 2.66
61.8 , 821.0 , 2.64
61.8 , 821.82 , 2.62
61.8 , 822.64 , 2.6
61.8 , 823.46 , 2.58
61.9 , 824.28 , 2.09
62.0 , 825.1 , 1.73
62.0 , 825.92 , 1.82
62.0 , 826.74 , 1.76
62.0 , 827.56 , 1.7
62.0 , 828.38 , 1.64
62.0 , 829.2 , 1.58
62.0 , 830.02 , 1.52
62.0 , 830.84 , 1.46
62.1 , 831.66 , 0.93
62.1 , 832.48 , 1.0
62.2 , 833.3 , 0.45
62.2 , 834.12 , 0.5
62.2 , 834.94 , 0.4
62.2 , 835.76 , 0.3
62.2 , 836.58 , 0.2
62.2 , 837.4 , 0.1
62.2 , 838.22 , -1.13242748512e-14
62.2 , 839.04 , -0.1
62.2 , 839.86 , -0.2
62.2 , 840.68 , -0.3
62.2 , 841.5 , -0.4
62.3 , 842.32 , -0.97
62.3 , 843.14 , -0.94
62.3 , 843.96 , -1.06
62.3 , 844.78 , -1.18
62.3 , 845.6 , -1.3
62.3 , 846.42 , -1.42
62.3 , 847.24 , -1.54
62.3 , 848.06 , -1.66
62.3 , 848.88 , -1.78
62.4 , 849.7 , -2.37
62.4 , 850.52 , -2.36
62.5 , 851.34 , -2.97
62.5 , 852.16 , -2.98
62.4 , 852.98 , -2.67
62.4 , 853.8 , -2.96
62.4 , 854.62 , -3.1
62.4 , 855.47 , -3.24
62.4 , 856.29 , -3.38
62.4 , 857.11 , -3.52
62.4 , 857.93 , -3.66
62.4 , 858.75 , -3.8
62.4 , 859.57 , -3.94
62.4 , 860.39 , -4.08
62.4 , 861.21 , -4.22
62.4 , 862.03 , -4.36
62.4 , 862.85 , -4.5
62.4 , 863.67 , -4.64
62.4 , 864.49 , -4.78
62.4 , 865.31 , -4.92
62.4 , 866.13 , -5.06
62.4 , 866.95 , -5.1
62.4 , 867.77 , -5.1
62.4 , 868.59 , -5.1
62.4 , 869.41 , -5.1
62.4 , 870.23 , -5.1
62.4 , 871.05 , -5.1
62.4 , 871.87 , -5.1
62.4 , 872.69 , -5.1
62.3 , 873.51 , -4.65
62.3 , 874.33 , -4.8
62.3 , 875.15 , -4.8
62.3 , 875.97 , -4.8
62.3 , 876.79 , -4.8
62.3 , 877.61 , -4.8
62.3 , 878.43 , -4.8
62.3 , 879.25 , -4.8
62.3 , 880.07 , -4.8
62.3 , 880.89 , -4.8
62.3 , 881.71 , -4.8
62.3 , 882.53 , -4.8
62.3 , 883.35 , -4.8
62.3 , 884.17 , -4.8
62.2 , 884.99 , -4.35
62.2 , 885.81 , -4.5
62.2 , 886.63 , -4.5
62.2 , 887.45 , -4.5
62.2 , 888.27 , -4.5
62.2 , 889.09 , -4.5
62.2 , 889.91 , -4.5
62.2 , 890.73 , -4.5
62.2 , 891.55 , -4.5
62.2 , 892.37 , -4.5
62.2 , 893.19 , -4.5
62.2 , 894.01 , -4.5
62.2 , 894.83 , -4.5
62.2 , 895.65 , -4.5
62.2 , 896.47 , -4.5
62.2 , 897.29 , -4.5
62.1 , 898.11 , -4.05
62.1 , 898.93 , -4.2
62.1 , 899.75 , -4.2
62.0 , 900.57 , -3.75
finished
