Starting...
temp =  66.0 mash time =  10 pump setting =  75 %
65.1 , 0.82 , 2.295
65.1 , 1.64 , 1.665
65.1 , 2.46 , 1.935
65.1 , 3.28 , 2.205
65.1 , 4.1 , 2.475
65.1 , 4.92 , 2.745
65.1 , 5.74 , 3.015
65.1 , 6.56 , 3.285
65.1 , 7.38 , 3.555
65.1 , 8.2 , 3.825
65.1 , 9.02 , 4.095
65.1 , 9.84 , 4.365
65.1 , 10.66 , 4.635
65.0 , 11.48 , 5.16
65.0 , 12.3 , 5.36
64.9 , 13.12 , 5.915
64.9 , 13.94 , 5.875
64.9 , 14.76 , 5.875
64.9 , 15.58 , 5.875
64.9 , 16.4 , 5.875
64.8 , 17.22 , 6.1
64.8 , 18.04 , 6.0
64.8 , 18.86 , 6.0
64.8 , 19.68 , 6.0
64.8 , 20.5 , 6.0
64.8 , 21.32 , 6.0
64.8 , 22.14 , 6.0
64.8 , 22.96 , 6.0
64.8 , 23.78 , 6.0
64.8 , 24.6 , 6.0
64.8 , 25.42 , 6.0
64.8 , 26.24 , 6.0
64.8 , 27.06 , 6.0
64.8 , 27.88 , 6.0
64.8 , 28.7 , 6.0
64.8 , 29.52 , 6.0
64.8 , 30.34 , 6.0
64.8 , 31.16 , 6.0
64.8 , 31.98 , 6.0
64.8 , 32.8 , 6.0
64.8 , 33.62 , 6.0
64.9 , 34.44 , 5.775
64.9 , 35.26 , 5.875
64.9 , 36.08 , 5.875
64.9 , 36.9 , 5.875
64.9 , 37.72 , 5.875
65.0 , 38.54 , 5.65
65.0 , 39.36 , 5.75
65.1 , 40.18 , 5.525
65.1 , 41.0 , 5.625
65.2 , 41.82 , 5.4
65.3 , 42.64 , 5.275
65.3 , 43.46 , 5.375
65.4 , 44.28 , 5.15
65.4 , 45.1 , 5.25
65.4 , 45.92 , 5.25
65.5 , 46.74 , 5.025
65.6 , 47.56 , 4.9
65.6 , 48.38 , 5.0
65.8 , 49.2 , 4.55
65.8 , 50.02 , 4.75
65.9 , 50.84 , 4.525
65.9 , 51.66 , 4.625
65.9 , 52.48 , 4.625
66.0 , 53.3 , 4.4
66.0 , 54.12 , 4.5
66.1 , 54.94 , 4.245
66.1 , 55.76 , 4.315
66.1 , 56.58 , 4.285
66.1 , 57.4 , 4.255
66.1 , 58.22 , 4.225
66.2 , 59.04 , 3.94
66.2 , 59.86 , 3.98
66.3 , 60.68 , 3.665
66.3 , 61.5 , 3.675
66.4 , 62.32 , 3.33
66.4 , 63.14 , 3.31
66.4 , 63.96 , 3.19
66.5 , 64.78 , 2.815
66.6 , 65.6 , 2.51
66.6 , 66.42 , 2.43
66.6 , 67.24 , 2.25
66.6 , 68.06 , 2.07
66.7 , 68.88 , 1.635
66.7 , 69.7 , 1.525
66.8 , 70.52 , 1.06
66.8 , 71.34 , 0.92
66.8 , 72.16 , 0.68
66.8 , 72.98 , 0.44
66.8 , 73.8 , 0.2
66.8 , 74.62 , -0.04
66.9 , 75.44 , -0.535
66.9 , 76.26 , -0.705
66.9 , 77.08 , -0.975
66.9 , 77.9 , -1.245
66.9 , 78.72 , -1.275
66.9 , 79.54 , -1.275
67.0 , 80.36 , -1.5
67.1 , 81.18 , -1.625
67.1 , 82.0 , -1.525
67.1 , 82.82 , -1.525
67.2 , 83.64 , -1.75
67.3 , 84.46 , -1.875
67.3 , 85.28 , -1.775
67.3 , 86.1 , -1.775
67.3 , 86.92 , -1.775
67.3 , 87.74 , -1.775
67.3 , 88.56 , -1.775
67.3 , 89.38 , -1.775
67.3 , 90.23 , -1.775
67.3 , 91.05 , -1.775
67.3 , 91.87 , -1.775
67.3 , 92.69 , -1.775
67.3 , 93.51 , -1.775
67.3 , 94.33 , -1.775
67.3 , 95.15 , -1.775
67.3 , 95.97 , -1.775
67.3 , 96.79 , -1.775
67.3 , 97.61 , -1.775
67.3 , 98.43 , -1.775
67.4 , 99.25 , -2.0
67.4 , 100.07 , -1.9
67.4 , 100.89 , -1.9
67.3 , 101.71 , -1.675
67.4 , 102.53 , -2.0
67.4 , 103.35 , -1.9
67.4 , 104.17 , -1.9
67.4 , 104.99 , -1.9
67.4 , 105.81 , -1.9
67.4 , 106.63 , -1.9
67.4 , 107.45 , -1.9
67.3 , 108.27 , -1.675
67.3 , 109.09 , -1.775
67.3 , 109.91 , -1.775
67.3 , 110.73 , -1.775
67.3 , 111.55 , -1.775
67.3 , 112.37 , -1.775
67.3 , 113.19 , -1.775
67.2 , 114.01 , -1.55
67.2 , 114.83 , -1.65
67.1 , 115.65 , -1.425
67.1 , 116.47 , -1.525
67.1 , 117.29 , -1.525
67.1 , 118.11 , -1.525
67.1 , 118.93 , -1.525
67.0 , 119.75 , -1.3
67.0 , 120.57 , -1.4
66.9 , 121.39 , -1.175
66.9 , 122.21 , -1.275
66.9 , 123.03 , -1.275
66.9 , 123.85 , -1.275
66.8 , 124.67 , -1.05
66.8 , 125.49 , -1.15
66.7 , 126.31 , -0.925
66.6 , 127.13 , -0.8
66.6 , 127.95 , -0.9
66.5 , 128.77 , -0.675
66.5 , 129.59 , -0.775
66.4 , 130.41 , -0.55
66.4 , 131.23 , -0.65
66.3 , 132.05 , -0.425
66.3 , 132.87 , -0.525
66.3 , 133.69 , -0.525
66.2 , 134.51 , -0.3
66.1 , 135.33 , -0.175
66.1 , 136.15 , -0.275
66.1 , 136.97 , -0.275
66.1 , 137.79 , -0.275
66.1 , 138.61 , -0.275
66.0 , 139.43 , -0.05
66.0 , 140.25 , -0.15
66.0 , 141.07 , -0.15
66.0 , 141.89 , -0.15
65.9 , 142.71 , 0.105
65.9 , 143.53 , 0.035
65.9 , 144.35 , 0.065
65.9 , 145.17 , 0.095
65.9 , 145.99 , 0.125
65.8 , 146.81 , 0.41
65.8 , 147.63 , 0.37
65.8 , 148.45 , 0.43
65.8 , 149.27 , 0.49
65.8 , 150.09 , 0.55
65.7 , 150.91 , 0.865
65.7 , 151.73 , 0.855
65.7 , 152.55 , 0.945
65.6 , 153.37 , 1.29
65.6 , 154.19 , 1.31
65.6 , 155.01 , 1.43
65.6 , 155.83 , 1.55
65.6 , 156.65 , 1.67
65.6 , 157.47 , 1.79
65.5 , 158.29 , 2.165
65.5 , 159.11 , 2.215
65.5 , 159.93 , 2.365
65.5 , 160.75 , 2.515
65.4 , 161.57 , 2.92
65.4 , 162.39 , 3.0
65.4 , 163.21 , 3.18
65.4 , 164.03 , 3.36
65.4 , 164.85 , 3.54
65.4 , 165.67 , 3.72
65.4 , 166.49 , 3.9
65.3 , 167.31 , 4.335
65.3 , 168.13 , 4.445
65.3 , 168.95 , 4.655
65.3 , 169.77 , 4.865
65.3 , 170.59 , 5.075
65.3 , 171.41 , 5.285
65.3 , 172.23 , 5.375
65.3 , 173.05 , 5.375
65.3 , 173.87 , 5.375
65.3 , 174.69 , 5.375
65.3 , 175.51 , 5.375
65.3 , 176.33 , 5.375
65.3 , 177.15 , 5.375
65.3 , 177.97 , 5.375
65.3 , 178.79 , 5.375
65.3 , 179.61 , 5.375
65.3 , 180.43 , 5.375
65.3 , 181.25 , 5.375
65.3 , 182.07 , 5.375
65.3 , 182.89 , 5.375
65.3 , 183.71 , 5.375
65.3 , 184.53 , 5.375
65.4 , 185.35 , 5.15
65.4 , 186.17 , 5.25
65.4 , 186.99 , 5.25
65.4 , 187.81 , 5.25
65.5 , 188.63 , 5.025
65.5 , 189.45 , 5.125
65.6 , 190.27 , 4.9
65.6 , 191.09 , 5.0
65.6 , 191.91 , 5.0
65.6 , 192.73 , 5.0
65.6 , 193.55 , 5.0
65.6 , 194.37 , 5.0
65.7 , 195.19 , 4.775
65.8 , 196.01 , 4.65
65.8 , 196.83 , 4.75
65.9 , 197.65 , 4.525
65.9 , 198.47 , 4.625
65.9 , 199.29 , 4.625
66.0 , 200.11 , 4.4
66.0 , 200.93 , 4.5
66.1 , 201.75 , 4.245
66.1 , 202.57 , 4.315
66.1 , 203.39 , 4.285
66.1 , 204.21 , 4.255
66.2 , 205.03 , 3.97
66.2 , 205.85 , 4.01
66.3 , 206.67 , 3.695
66.3 , 207.49 , 3.705
66.3 , 208.31 , 3.615
66.4 , 209.13 , 3.27
66.4 , 209.95 , 3.25
66.4 , 210.77 , 3.13
66.5 , 211.59 , 2.755
66.6 , 212.41 , 2.45
66.6 , 213.23 , 2.37
66.6 , 214.05 , 2.19
66.7 , 214.87 , 1.755
66.7 , 215.69 , 1.645
66.8 , 216.51 , 1.18
66.8 , 217.33 , 1.04
66.8 , 218.15 , 0.8
66.8 , 218.97 , 0.56
66.9 , 219.79 , 0.065
66.9 , 220.61 , -0.105
66.9 , 221.46 , -0.375
66.9 , 222.28 , -0.645
66.9 , 223.1 , -0.915
66.9 , 223.92 , -1.185
67.0 , 224.74 , -1.5
67.0 , 225.56 , -1.4
67.1 , 226.38 , -1.625
67.1 , 227.2 , -1.525
67.2 , 228.02 , -1.75
67.2 , 228.84 , -1.65
67.2 , 229.66 , -1.65
67.3 , 230.48 , -1.875
67.3 , 231.3 , -1.775
67.3 , 232.12 , -1.775
67.3 , 232.94 , -1.775
67.3 , 233.76 , -1.775
67.3 , 234.58 , -1.775
67.2 , 235.4 , -1.55
67.2 , 236.22 , -1.65
67.2 , 237.04 , -1.65
67.2 , 237.86 , -1.65
67.2 , 238.68 , -1.65
67.2 , 239.5 , -1.65
67.2 , 240.32 , -1.65
67.2 , 241.14 , -1.65
67.2 , 241.96 , -1.65
67.2 , 242.78 , -1.65
67.2 , 243.6 , -1.65
67.2 , 244.42 , -1.65
67.2 , 245.24 , -1.65
67.1 , 246.06 , -1.425
67.1 , 246.88 , -1.525
67.1 , 247.7 , -1.525
67.1 , 248.52 , -1.525
67.1 , 249.34 , -1.525
67.1 , 250.16 , -1.525
67.2 , 250.98 , -1.75
67.1 , 251.8 , -1.425
67.1 , 252.62 , -1.525
67.1 , 253.44 , -1.525
67.1 , 254.26 , -1.525
67.1 , 255.08 , -1.525
67.1 , 255.9 , -1.525
67.1 , 256.72 , -1.525
67.1 , 257.54 , -1.525
67.0 , 258.36 , -1.3
67.0 , 259.18 , -1.4
67.0 , 260.0 , -1.4
67.0 , 260.82 , -1.4
67.0 , 261.64 , -1.4
66.9 , 262.46 , -1.175
66.9 , 263.28 , -1.275
66.9 , 264.1 , -1.275
66.9 , 264.92 , -1.275
66.8 , 265.74 , -1.05
66.8 , 266.56 , -1.15
66.8 , 267.38 , -1.15
66.7 , 268.2 , -0.925
66.6 , 269.02 , -0.8
66.5 , 269.84 , -0.675
66.4 , 270.66 , -0.55
66.4 , 271.48 , -0.65
66.3 , 272.3 , -0.425
66.3 , 273.12 , -0.525
66.3 , 273.94 , -0.525
66.3 , 274.76 , -0.525
66.3 , 275.58 , -0.525
66.3 , 276.4 , -0.525
66.3 , 277.22 , -0.525
66.3 , 278.04 , -0.525
66.2 , 278.86 , -0.3
66.2 , 279.68 , -0.4
66.2 , 280.5 , -0.4
66.1 , 281.32 , -0.175
66.1 , 282.14 , -0.275
66.1 , 282.96 , -0.275
66.1 , 283.78 , -0.275
66.1 , 284.6 , -0.275
66.0 , 285.42 , -0.05
66.0 , 286.24 , -0.15
66.0 , 287.06 , -0.15
65.9 , 287.88 , 0.105
65.9 , 288.7 , 0.035
65.9 , 289.52 , 0.065
65.9 , 290.34 , 0.095
65.8 , 291.16 , 0.38
65.8 , 291.98 , 0.34
65.8 , 292.8 , 0.4
65.8 , 293.62 , 0.46
65.7 , 294.44 , 0.775
65.7 , 295.26 , 0.765
65.7 , 296.08 , 0.855
65.7 , 296.9 , 0.945
65.7 , 297.72 , 1.035
65.6 , 298.54 , 1.38
65.6 , 299.36 , 1.4
65.6 , 300.18 , 1.52
65.6 , 301.0 , 1.64
65.6 , 301.82 , 1.76
65.6 , 302.64 , 1.88
65.6 , 303.46 , 2.0
65.6 , 304.28 , 2.12
65.5 , 305.1 , 2.495
65.5 , 305.92 , 2.545
65.5 , 306.74 , 2.695
65.5 , 307.56 , 2.845
65.4 , 308.38 , 3.25
65.4 , 309.2 , 3.33
65.4 , 310.02 , 3.51
65.4 , 310.84 , 3.69
65.4 , 311.66 , 3.87
65.4 , 312.48 , 4.05
65.4 , 313.3 , 4.23
65.4 , 314.12 , 4.41
65.4 , 314.94 , 4.59
65.4 , 315.76 , 4.77
65.4 , 316.58 , 4.95
65.4 , 317.4 , 5.13
65.4 , 318.22 , 5.25
65.4 , 319.04 , 5.25
65.4 , 319.86 , 5.25
65.4 , 320.68 , 5.25
65.4 , 321.5 , 5.25
65.5 , 322.32 , 5.025
65.4 , 323.14 , 5.35
65.4 , 323.96 , 5.25
65.5 , 324.78 , 5.025
65.4 , 325.6 , 5.35
65.4 , 326.42 , 5.25
65.4 , 327.24 , 5.25
65.4 , 328.06 , 5.25
65.4 , 328.88 , 5.25
65.4 , 329.7 , 5.25
65.4 , 330.52 , 5.25
65.4 , 331.34 , 5.25
65.5 , 332.16 , 5.025
65.5 , 332.98 , 5.125
65.5 , 333.8 , 5.125
65.5 , 334.62 , 5.125
65.5 , 335.44 , 5.125
65.5 , 336.26 , 5.125
65.6 , 337.08 , 4.9
65.6 , 337.9 , 5.0
65.6 , 338.72 , 5.0
65.6 , 339.54 , 5.0
65.7 , 340.36 , 4.775
65.7 , 341.18 , 4.875
65.8 , 342.0 , 4.65
65.8 , 342.82 , 4.75
65.9 , 343.64 , 4.525
65.9 , 344.46 , 4.625
65.9 , 345.28 , 4.625
66.0 , 346.1 , 4.4
66.0 , 346.92 , 4.5
66.1 , 347.74 , 4.245
66.1 , 348.56 , 4.315
66.2 , 349.38 , 4.03
66.3 , 350.2 , 3.815
66.3 , 351.05 , 3.825
66.3 , 351.87 , 3.735
66.4 , 352.69 , 3.39
66.4 , 353.51 , 3.37
66.4 , 354.33 , 3.25
66.5 , 355.15 , 2.875
66.5 , 355.97 , 2.825
66.6 , 356.79 , 2.42
66.6 , 357.61 , 2.34
66.6 , 358.43 , 2.16
66.7 , 359.25 , 1.725
66.7 , 360.07 , 1.615
66.8 , 360.89 , 1.15
66.8 , 361.71 , 1.01
66.8 , 362.53 , 0.77
66.8 , 363.35 , 0.53
66.8 , 364.17 , 0.29
66.9 , 364.99 , -0.205
66.9 , 365.81 , -0.375
66.9 , 366.63 , -0.645
66.9 , 367.45 , -0.915
66.9 , 368.27 , -1.185
66.9 , 369.09 , -1.275
67.0 , 369.91 , -1.5
67.1 , 370.73 , -1.625
67.1 , 371.55 , -1.525
67.1 , 372.37 , -1.525
67.1 , 373.19 , -1.525
67.1 , 374.01 , -1.525
67.2 , 374.83 , -1.75
67.2 , 375.65 , -1.65
67.2 , 376.47 , -1.65
67.3 , 377.29 , -1.875
67.3 , 378.11 , -1.775
67.3 , 378.93 , -1.775
67.3 , 379.75 , -1.775
67.3 , 380.57 , -1.775
67.3 , 381.39 , -1.775
67.3 , 382.21 , -1.775
67.3 , 383.03 , -1.775
67.3 , 383.85 , -1.775
67.3 , 384.67 , -1.775
67.3 , 385.49 , -1.775
67.3 , 386.31 , -1.775
67.3 , 387.13 , -1.775
67.3 , 387.95 , -1.775
67.3 , 388.77 , -1.775
67.2 , 389.59 , -1.55
67.2 , 390.41 , -1.65
67.2 , 391.23 , -1.65
67.2 , 392.05 , -1.65
67.2 , 392.87 , -1.65
67.2 , 393.69 , -1.65
67.3 , 394.51 , -1.875
67.3 , 395.33 , -1.775
67.3 , 396.15 , -1.775
67.3 , 396.97 , -1.775
67.3 , 397.79 , -1.775
67.3 , 398.61 , -1.775
67.3 , 399.43 , -1.775
67.3 , 400.25 , -1.775
67.3 , 401.07 , -1.775
67.3 , 401.89 , -1.775
67.2 , 402.71 , -1.55
67.2 , 403.53 , -1.65
67.1 , 404.35 , -1.425
67.1 , 405.17 , -1.525
67.1 , 405.99 , -1.525
67.1 , 406.81 , -1.525
67.1 , 407.63 , -1.525
67.1 , 408.45 , -1.525
67.1 , 409.27 , -1.525
66.9 , 410.09 , -1.075
66.9 , 410.91 , -1.275
66.9 , 411.73 , -1.275
66.8 , 412.55 , -1.05
66.8 , 413.37 , -1.15
66.8 , 414.19 , -1.15
66.8 , 415.01 , -1.15
66.8 , 415.83 , -1.15
66.7 , 416.65 , -0.925
66.7 , 417.47 , -1.025
66.6 , 418.29 , -0.8
66.6 , 419.11 , -0.9
66.6 , 419.93 , -0.9
66.5 , 420.75 , -0.675
66.4 , 421.57 , -0.55
66.4 , 422.39 , -0.65
66.3 , 423.21 , -0.425
66.3 , 424.03 , -0.525
66.3 , 424.85 , -0.525
66.3 , 425.67 , -0.525
66.3 , 426.49 , -0.525
66.3 , 427.31 , -0.525
66.3 , 428.13 , -0.525
66.2 , 428.95 , -0.3
66.2 , 429.77 , -0.4
66.1 , 430.59 , -0.175
66.1 , 431.41 , -0.275
66.1 , 432.23 , -0.275
66.1 , 433.05 , -0.275
66.0 , 433.87 , -0.05
66.0 , 434.69 , -0.15
66.0 , 435.51 , -0.15
66.0 , 436.33 , -0.15
66.0 , 437.15 , -0.15
65.9 , 437.97 , 0.105
65.9 , 438.79 , 0.035
65.9 , 439.61 , 0.065
65.9 , 440.43 , 0.095
65.9 , 441.25 , 0.125
65.9 , 442.07 , 0.155
65.8 , 442.89 , 0.44
65.8 , 443.71 , 0.4
65.8 , 444.53 , 0.46
65.8 , 445.35 , 0.52
65.7 , 446.17 , 0.835
65.7 , 446.99 , 0.825
65.7 , 447.81 , 0.915
65.6 , 448.63 , 1.26
65.6 , 449.45 , 1.28
65.6 , 450.27 , 1.4
65.6 , 451.09 , 1.52
65.6 , 451.91 , 1.64
65.6 , 452.73 , 1.76
65.6 , 453.55 , 1.88
65.6 , 454.37 , 2.0
65.5 , 455.19 , 2.375
65.5 , 456.01 , 2.425
65.5 , 456.83 , 2.575
65.5 , 457.65 , 2.725
65.4 , 458.47 , 3.13
65.4 , 459.29 , 3.21
65.4 , 460.11 , 3.39
65.4 , 460.93 , 3.57
65.4 , 461.75 , 3.75
65.4 , 462.57 , 3.93
65.4 , 463.39 , 4.11
65.4 , 464.21 , 4.29
65.4 , 465.03 , 4.47
65.4 , 465.85 , 4.65
65.4 , 466.67 , 4.83
65.4 , 467.49 , 5.01
65.4 , 468.31 , 5.19
65.4 , 469.13 , 5.25
65.4 , 469.95 , 5.25
65.3 , 470.77 , 5.475
65.3 , 471.59 , 5.375
65.3 , 472.41 , 5.375
65.3 , 473.23 , 5.375
65.3 , 474.05 , 5.375
65.4 , 474.87 , 5.15
65.4 , 475.69 , 5.25
65.4 , 476.51 , 5.25
65.4 , 477.33 , 5.25
65.4 , 478.15 , 5.25
65.4 , 478.97 , 5.25
65.4 , 479.79 , 5.25
65.4 , 480.61 , 5.25
65.4 , 481.46 , 5.25
65.4 , 482.28 , 5.25
65.4 , 483.1 , 5.25
65.4 , 483.92 , 5.25
65.4 , 484.74 , 5.25
65.5 , 485.56 , 5.025
65.5 , 486.38 , 5.125
65.5 , 487.2 , 5.125
65.5 , 488.02 , 5.125
65.6 , 488.84 , 4.9
65.6 , 489.66 , 5.0
65.6 , 490.48 , 5.0
65.6 , 491.3 , 5.0
65.7 , 492.12 , 4.775
65.7 , 492.94 , 4.875
65.8 , 493.76 , 4.65
65.8 , 494.58 , 4.75
65.8 , 495.4 , 4.75
65.9 , 496.22 , 4.525
65.9 , 497.04 , 4.625
66.0 , 497.86 , 4.4
66.1 , 498.68 , 4.245
66.1 , 499.5 , 4.315
66.1 , 500.32 , 4.285
66.2 , 501.14 , 4.0
66.3 , 501.96 , 3.785
66.3 , 502.78 , 3.795
66.3 , 503.6 , 3.705
66.3 , 504.42 , 3.615
66.4 , 505.24 , 3.27
66.4 , 506.06 , 3.25
66.4 , 506.88 , 3.13
66.5 , 507.7 , 2.755
66.5 , 508.52 , 2.705
66.6 , 509.34 , 2.3
66.6 , 510.16 , 2.22
66.6 , 510.98 , 2.04
66.7 , 511.8 , 1.605
66.8 , 512.62 , 1.24
66.8 , 513.44 , 1.1
66.8 , 514.26 , 0.86
66.9 , 515.08 , 0.365
66.9 , 515.9 , 0.195
66.9 , 516.72 , -0.075
67.0 , 517.54 , -0.6
67.1 , 518.36 , -1.055
67.1 , 519.18 , -1.285
67.1 , 520.0 , -1.525
67.1 , 520.82 , -1.525
67.2 , 521.64 , -1.75
67.3 , 522.46 , -1.875
67.3 , 523.28 , -1.775
67.3 , 524.1 , -1.775
67.3 , 524.92 , -1.775
67.3 , 525.74 , -1.775
67.3 , 526.56 , -1.775
67.3 , 527.38 , -1.775
67.3 , 528.2 , -1.775
67.3 , 529.02 , -1.775
67.3 , 529.84 , -1.775
67.3 , 530.66 , -1.775
67.3 , 531.48 , -1.775
67.3 , 532.3 , -1.775
67.3 , 533.12 , -1.775
67.3 , 533.94 , -1.775
67.3 , 534.76 , -1.775
67.4 , 535.58 , -2.0
67.4 , 536.4 , -1.9
67.4 , 537.22 , -1.9
67.4 , 538.04 , -1.9
67.4 , 538.86 , -1.9
67.4 , 539.68 , -1.9
67.4 , 540.5 , -1.9
67.4 , 541.32 , -1.9
67.4 , 542.14 , -1.9
67.4 , 542.96 , -1.9
67.4 , 543.78 , -1.9
67.4 , 544.6 , -1.9
67.4 , 545.42 , -1.9
67.4 , 546.24 , -1.9
67.4 , 547.06 , -1.9
67.4 , 547.88 , -1.9
67.4 , 548.7 , -1.9
67.4 , 549.52 , -1.9
67.3 , 550.34 , -1.675
67.3 , 551.16 , -1.775
67.3 , 551.98 , -1.775
67.3 , 552.8 , -1.775
67.3 , 553.62 , -1.775
67.3 , 554.44 , -1.775
67.3 , 555.26 , -1.775
67.3 , 556.08 , -1.775
67.3 , 556.9 , -1.775
67.3 , 557.72 , -1.775
67.2 , 558.54 , -1.55
67.2 , 559.36 , -1.65
67.2 , 560.18 , -1.65
67.1 , 561.0 , -1.425
67.1 , 561.82 , -1.525
67.1 , 562.64 , -1.525
67.1 , 563.46 , -1.525
67.1 , 564.28 , -1.525
67.1 , 565.1 , -1.525
67.0 , 565.92 , -1.3
66.9 , 566.74 , -1.175
66.9 , 567.56 , -1.275
66.8 , 568.38 , -1.05
66.8 , 569.2 , -1.15
66.7 , 570.02 , -0.925
66.6 , 570.84 , -0.8
66.6 , 571.66 , -0.9
66.6 , 572.48 , -0.9
66.6 , 573.3 , -0.9
66.6 , 574.12 , -0.9
66.5 , 574.94 , -0.675
66.5 , 575.76 , -0.775
66.4 , 576.58 , -0.55
66.4 , 577.4 , -0.65
66.4 , 578.22 , -0.65
66.3 , 579.04 , -0.425
66.3 , 579.86 , -0.525
66.3 , 580.68 , -0.525
66.3 , 581.5 , -0.525
66.2 , 582.32 , -0.3
66.2 , 583.14 , -0.4
66.2 , 583.96 , -0.4
66.2 , 584.78 , -0.4
66.1 , 585.6 , -0.175
66.1 , 586.42 , -0.275
66.1 , 587.24 , -0.275
66.1 , 588.06 , -0.275
66.0 , 588.88 , -0.05
65.9 , 589.7 , 0.105
65.9 , 590.52 , 0.035
65.9 , 591.34 , 0.065
65.9 , 592.16 , 0.095
65.8 , 592.98 , 0.38
65.8 , 593.8 , 0.34
65.8 , 594.62 , 0.4
65.8 , 595.44 , 0.46
65.8 , 596.26 , 0.52
65.8 , 597.08 , 0.58
65.8 , 597.9 , 0.64
65.8 , 598.72 , 0.7
65.8 , 599.54 , 0.76
65.7 , 600.36 , 1.075
finished
